margin: 287600
free_margin: 287600
equity: 287600
ticker_symbol, open_price, close_price, entry_tick, exit_tick, open_time, lots, position_type: , profit_loss, max_loss, max_profit, MA10_min, MA22_min, MA10_day, MA22_day, stoploss: 

============TX00 close order===========
TX00, 9094, 9127, 1, 32068, 84500, 1, position_type: 1, -6700, -9600, 2600, exit_reason: 4, 9115.4, 9122.18, 9193.2, 9324.14, 100000
TX00, 9157, 9027, 1, 50010, 84500, 1, position_type: 1, 25900, -2200, 32400, exit_reason: 4, 9125.4, 9118.86, 9182, 9314.95, 100000
TX00, 8958, 8986, 1, 43149, 84500, 1, position_type: 1, -5700, -12800, 4200, exit_reason: 4, 9015.9, 9054.68, 9140, 9289.32, 100000
TX00, 8991, 8981, 1, 38967, 84500, 1, position_type: 1, 1900, -3400, 9600, exit_reason: 4, 8986, 8988.27, 9119.6, 9268.32, 100000
TX00, 8961, 8991, 1, 56373, 84500, 1, position_type: 1, -6100, -12000, 18000, exit_reason: 4, 8968.9, 8971.95, 9099.4, 9244.36, 100000
TX00, 8944, 8980, 1, 42243, 84500, 1, position_type: 1, -7300, -14200, 6600, exit_reason: 4, 8973, 8944.41, 9079.5, 9221.73, 100000
TX00, 8921, 8992, 1, 46859, 84500, 1, position_type: 1, -14300, -19800, 3200, exit_reason: 4, 8978.7, 8981.45, 9051.1, 9195.77, 100000
TX00, 9003, 9035, 1, 9496, 84500, 1, position_type: 1, -6500, -6600, 1800, exit_reason: 0, 8995.7, 8964.82, 9032.4, 9180.64, 100000
TX00, 9035, 9036, 9496, 9497, 91428, 1, position_type: 0, 100, 0, 100, exit_reason: 1, 9002.7, 8967.95, 9035.6, 9182.09, 0
TX00, 9036, 9036, 9497, 9498, 91428, 1, position_type: 1, -100, -100, 0, exit_reason: 0, 9002.6, 8967.91, 9035.5, 9182.05, 100000
TX00, 9036, 9036, 9498, 9514, 91428, 1, position_type: 0, -100, -200, 0, exit_reason: 1, 9002.7, 8967.95, 9035.6, 9182.09, 0
TX00, 9036, 9035, 9515, 9616, 91428, 1, position_type: 0, -300, -300, 400, exit_reason: 1, 9002.7, 8967.95, 9035.6, 9182.09, 9031
TX00, 9037, 9035, 9618, 10938, 91433, 1, position_type: 0, -500, -500, 1600, exit_reason: 1, 9002.8, 8968, 9035.7, 9182.14, 9032
TX00, 9036, 9035, 10940, 10942, 91707, 1, position_type: 0, -300, -300, 0, exit_reason: 1, 9008.5, 8973.36, 9035.6, 9182.09, 9031
TX00, 9046, 9098, 23573, 44049, 101701, 1, position_type: 0, 10300, -1600, 12200, exit_reason: 4, 9023.1, 8994.95, 9036.6, 9182.55, 0
TX00, 9098, 9085, 1, 34421, 84500, 1, position_type: 0, -2700, -8400, 2400, exit_reason: 4, 9090.8, 9068.73, 9037.2, 9154.14, 0

 symbol seperate=============================================================


==============


