margin: 275300
free_margin: 275300
equity: 275300
ticker_symbol, open_price, close_price, entry_tick, exit_tick, open_time, lots, position_type: , profit_loss, max_loss, max_profit, MA10_min, MA22_min, MA10_day, MA22_day, stoploss: 

============TX00 close order===========
TX00, 9094, 9127, 1, 32068, 84500, 1, position_type: 1, -6700, -9600, 2600, exit_reason: 4, 9115.4, 9122.18, 9193.2, 9324.14, 100000
TX00, 9157, 9027, 1, 50010, 84500, 1, position_type: 1, 25900, -2200, 32400, exit_reason: 4, 9125.4, 9118.86, 9182, 9314.95, 100000
TX00, 8958, 8986, 1, 43149, 84500, 1, position_type: 1, -5700, -12800, 4200, exit_reason: 4, 9015.9, 9054.68, 9140, 9289.32, 100000
TX00, 8991, 8981, 1, 38967, 84500, 1, position_type: 1, 1900, -3400, 9600, exit_reason: 4, 8986, 8988.27, 9119.6, 9268.32, 100000
TX00, 8961, 8991, 1, 56373, 84500, 1, position_type: 1, -6100, -12000, 18000, exit_reason: 4, 8968.9, 8971.95, 9099.4, 9244.36, 100000
TX00, 8944, 8980, 1, 42243, 84500, 1, position_type: 1, -7300, -14200, 6600, exit_reason: 4, 8973, 8944.41, 9079.5, 9221.73, 100000
TX00, 8921, 8992, 1, 46859, 84500, 1, position_type: 1, -14300, -19800, 3200, exit_reason: 4, 8978.7, 8981.45, 9051.1, 9195.77, 100000
TX00, 9003, 9035, 1, 9496, 84500, 1, position_type: 1, -6500, -6600, 1800, exit_reason: 0, 8995.7, 8964.82, 9032.4, 9180.64, 100000
TX00, 9035, 9036, 9496, 9497, 91428, 1, position_type: 0, 100, 0, 100, exit_reason: 1, 9002.7, 8967.95, 9035.6, 9182.09, 0
TX00, 9036, 9036, 9497, 9498, 91428, 1, position_type: 1, -100, -100, 0, exit_reason: 0, 9002.6, 8967.91, 9035.5, 9182.05, 100000
TX00, 9036, 9036, 9498, 9514, 91428, 1, position_type: 0, -100, -200, 0, exit_reason: 1, 9002.7, 8967.95, 9035.6, 9182.09, 0
TX00, 9036, 9035, 9515, 9616, 91428, 1, position_type: 0, -300, -300, 400, exit_reason: 1, 9002.7, 8967.95, 9035.6, 9182.09, 9031
TX00, 9037, 9035, 9618, 10938, 91433, 1, position_type: 0, -500, -500, 1600, exit_reason: 1, 9002.8, 8968, 9035.7, 9182.14, 9032
TX00, 9036, 9035, 10940, 10942, 91707, 1, position_type: 0, -300, -300, 0, exit_reason: 1, 9008.5, 8973.36, 9035.6, 9182.09, 9031
TX00, 9046, 9098, 23573, 44049, 101701, 1, position_type: 0, 10300, -1600, 12200, exit_reason: 4, 9023.1, 8994.95, 9036.6, 9182.55, 0
TX00, 9098, 9085, 1, 34421, 84500, 1, position_type: 0, -2700, -8400, 2400, exit_reason: 4, 9090.8, 9068.73, 9037.2, 9154.14, 0
TX00, 9034, 9028, 1, 425, 84500, 1, position_type: 0, -1300, -1800, 800, exit_reason: 1, 9080, 9081.36, 9026.7, 9136.64, 0
TX00, 9028, 9028, 425, 426, 84518, 1, position_type: 1, -100, -100, 0, exit_reason: 0, 9079.1, 9080.95, 9025.8, 9136.23, 100000
TX00, 9028, 9025, 426, 430, 84518, 1, position_type: 0, -700, -700, 0, exit_reason: 1, 9079.4, 9081.09, 9026.1, 9136.36, 0
TX00, 9026, 9026, 433, 435, 84519, 1, position_type: 0, -100, -200, 0, exit_reason: 1, 9079.2, 9081, 9025.9, 9136.27, 9021
TX00, 9027, 9026, 436, 440, 84519, 1, position_type: 0, -300, -400, 0, exit_reason: 1, 9079.2, 9081, 9025.9, 9136.27, 9022
TX00, 9026, 9026, 441, 506, 84519, 1, position_type: 0, -100, -200, 600, exit_reason: 1, 9079.2, 9081, 9025.9, 9136.27, 9021
TX00, 8998, 9026, 19742, 23635, 94500, 1, position_type: 1, -5700, -5700, 1600, exit_reason: 0, 9044, 9066.5, 9023.1, 9135, 100000
TX00, 9026, 9026, 23635, 23637, 101002, 1, position_type: 0, -100, -200, 0, exit_reason: 1, 9038.5, 9064.73, 9025.9, 9136.27, 0
TX00, 9026, 9025, 23637, 23638, 101002, 1, position_type: 1, 100, 0, 100, exit_reason: 0, 9038.4, 9064.68, 9025.8, 9136.23, 100000
TX00, 9025, 9025, 23638, 23639, 101002, 1, position_type: 0, -100, -100, 0, exit_reason: 1, 9038.5, 9064.73, 9025.9, 9136.27, 9020
TX00, 9026, 9025, 23641, 23643, 101002, 1, position_type: 0, -300, -300, 0, exit_reason: 1, 9038.5, 9064.73, 9025.9, 9136.27, 9021
TX00, 9025, 9026, 23645, 23646, 101002, 1, position_type: 0, 100, 0, 100, exit_reason: 1, 9038.5, 9064.73, 9025.9, 9136.27, 9020
TX00, 9026, 9026, 23647, 23659, 101002, 1, position_type: 0, -100, -200, 0, exit_reason: 1, 9038.5, 9064.73, 9025.9, 9136.27, 9021
TX00, 9026, 9025, 23660, 23662, 101002, 1, position_type: 0, -300, -300, 0, exit_reason: 1, 9038.5, 9064.73, 9025.9, 9136.27, 9021
TX00, 9024, 9026, 32090, 36094, 111000, 1, position_type: 1, -500, -500, 3400, exit_reason: 0, 9016.5, 9053.64, 9025.7, 9136.18, 100000
TX00, 9026, 9026, 36094, 36109, 115337, 1, position_type: 0, -100, -200, 0, exit_reason: 1, 9020.6, 9045.05, 9025.9, 9136.27, 0
TX00, 9026, 9026, 36109, 36110, 115338, 1, position_type: 1, -100, -100, 0, exit_reason: 0, 9020.5, 9045, 9025.8, 9136.23, 100000
TX00, 9026, 9026, 36110, 36113, 115339, 1, position_type: 0, -100, -200, 0, exit_reason: 1, 9020.6, 9045.05, 9025.9, 9136.27, 9021
TX00, 9026, 9026, 36114, 36120, 115341, 1, position_type: 0, -100, -200, 0, exit_reason: 1, 9020.6, 9045.05, 9025.9, 9136.27, 9021
TX00, 9026, 9026, 36121, 36134, 115344, 1, position_type: 0, -100, -200, 0, exit_reason: 1, 9020.6, 9045.05, 9025.9, 9136.27, 9021
TX00, 9008, 9019, 40111, 45544, 125300, 1, position_type: 1, -2300, -2600, 1800, exit_reason: 4, 9022.9, 9033, 9024, 9135.41, 100000

 symbol seperate=============================================================


==============


