margin: 275300
free_margin: 275300
equity: 275300
ticker_symbol, open_price, close_price, entry_tick, exit_tick, open_time, lots, position_type: , profit_loss, max_loss, max_profit, MA10_min, MA22_min, MA10_day, MA22_day, stoploss: 

============TX00 close order===========
TX00, 9094, 9123, 1, 4736, 84500, 1, position_type: 1, -5900, -5900, 2600, exit_reason: 0, 9115.4, 9122.18, 9193.2, 9324.14, 100000
TX00, 9123, 9115, 4736, 5086, 90106, 1, position_type: 0, -1700, -1700, 400, exit_reason: 1, 9116.4, 9122.95, 9196, 9325.41, 0
TX00, 9115, 9124, 5086, 5647, 90140, 1, position_type: 1, -1900, -1900, 0, exit_reason: 0, 9115.6, 9122.59, 9195.2, 9325.05, 100000
TX00, 9124, 9118, 5647, 14046, 90406, 1, position_type: 0, -1300, -1400, 3600, exit_reason: 1, 9116.4, 9122.95, 9196, 9325.41, 0
TX00, 9118, 9119, 14046, 21560, 95036, 1, position_type: 1, -300, -400, 4200, exit_reason: 0, 9117.8, 9123.36, 9195.4, 9325.14, 100000
TX00, 9119, 9113, 21560, 21935, 104711, 1, position_type: 0, -1300, -1300, 0, exit_reason: 1, 9114.2, 9118.36, 9195.6, 9325.23, 0
TX00, 9113, 9119, 21935, 22078, 104934, 1, position_type: 1, -1300, -1300, 200, exit_reason: 0, 9113.6, 9118.09, 9195, 9324.95, 100000
TX00, 9119, 9113, 22078, 22871, 105023, 1, position_type: 0, -1300, -1300, 600, exit_reason: 1, 9114.2, 9118.36, 9195.6, 9325.23, 0
TX00, 9113, 9119, 22871, 23473, 105723, 1, position_type: 1, -1300, -1300, 200, exit_reason: 0, 9113.6, 9118.09, 9195, 9324.95, 100000
TX00, 9119, 9114, 23473, 23894, 110951, 1, position_type: 0, -1100, -1100, 200, exit_reason: 1, 9115.1, 9118.09, 9195.6, 9325.23, 0
TX00, 9114, 9118, 23894, 24029, 111937, 1, position_type: 1, -900, -900, 200, exit_reason: 0, 9114.7, 9117.36, 9195.1, 9325, 100000
TX00, 9118, 9114, 24029, 24056, 112331, 1, position_type: 0, -900, -900, 0, exit_reason: 1, 9115.1, 9117.55, 9195.5, 9325.18, 0
TX00, 9114, 9117, 24056, 24386, 112425, 1, position_type: 1, -700, -700, 800, exit_reason: 0, 9114.7, 9117.36, 9195.1, 9325, 100000
TX00, 9117, 9117, 24386, 30400, 113213, 1, position_type: 0, -100, -800, 2600, exit_reason: 1, 9113.1, 9116.82, 9195.4, 9325.14, 0
TX00, 9117, 9120, 30400, 31040, 133012, 1, position_type: 1, -700, -800, 400, exit_reason: 0, 9120.4, 9116.95, 9195.3, 9325.09, 100000
TX00, 9120, 9126, 31040, 32068, 133455, 1, position_type: 0, 1100, 0, 1400, exit_reason: 4, 9120.9, 9117.18, 9195.8, 9325.32, 0
TX00, 9158, 9126, 1, 11021, 84500, 1, position_type: 0, -6500, -6500, 2000, exit_reason: 1, 9125.4, 9118.86, 9182, 9314.95, 0
TX00, 9126, 9027, 11021, 50010, 93853, 1, position_type: 1, 19700, -400, 26200, exit_reason: 4, 9129.4, 9121, 9178.8, 9313.5, 100000
TX00, 8958, 8994, 1, 19644, 84500, 1, position_type: 1, -7300, -7300, 4200, exit_reason: 0, 9015.9, 9054.68, 9140, 9289.32, 100000
TX00, 8994, 8986, 19644, 29321, 100740, 1, position_type: 0, -1700, -1700, 5600, exit_reason: 1, 8991.1, 9019.82, 9143.6, 9290.95, 0
TX00, 8986, 8993, 29321, 29454, 111548, 1, position_type: 1, -1500, -1500, 0, exit_reason: 0, 8988.8, 9005.82, 9142.8, 9290.59, 100000
TX00, 8993, 8991, 29454, 31390, 111641, 1, position_type: 0, -500, -1000, 2400, exit_reason: 1, 8989.5, 9006.14, 9143.5, 9290.91, 0
TX00, 8991, 8993, 31390, 37839, 115023, 1, position_type: 1, -500, -600, 6000, exit_reason: 0, 8994.5, 9002.41, 9143.3, 9290.82, 100000
TX00, 8993, 8985, 37839, 43149, 125200, 1, position_type: 0, -1700, -1700, 2800, exit_reason: 4, 8989.6, 8992.64, 9143.5, 9290.91, 0
TX00, 8959, 8981, 17047, 38967, 100733, 1, position_type: 1, -4500, -6800, 3200, exit_reason: 4, 8986.7, 8988.5, 9116.4, 9266.86, 100000
TX00, 8939, 8937, 8998, 37422, 92544, 1, position_type: 1, 300, 0, 13600, exit_reason: 0, 8965, 8968.18, 9097.1, 9243.32, 100000
TX00, 8937, 8991, 37422, 56373, 121420, 1, position_type: 0, 10700, -200, 16800, exit_reason: 4, 8909.9, 8938.41, 9097, 9243.27, 0
TX00, 8944, 9013, 1, 23004, 84500, 1, position_type: 1, -13900, -13900, 6600, exit_reason: 0, 8973, 8944.41, 9079.5, 9221.73, 100000
TX00, 9013, 8980, 23004, 42243, 100714, 1, position_type: 0, -6700, -9400, 400, exit_reason: 4, 8985.9, 8952.59, 9086.5, 9224.91, 0
TX00, 8921, 8958, 1, 25240, 84500, 1, position_type: 1, -7500, -7500, 3200, exit_reason: 0, 8978.7, 8981.45, 9051.1, 9195.77, 100000
TX00, 8958, 8992, 25240, 46859, 110107, 1, position_type: 0, 6700, -1400, 12400, exit_reason: 4, 8930.8, 8960.32, 9054.9, 9197.5, 0
TX00, 9023, 9098, 1139, 44049, 84633, 1, position_type: 0, 14900, -5800, 16800, exit_reason: 4, 8997.8, 8965.77, 9034.5, 9181.59, 0
TX00, 9060, 9085, 10524, 34421, 92728, 1, position_type: 1, -5100, -10000, 800, exit_reason: 4, 9087.6, 9068.86, 9033.4, 9152.41, 100000

 symbol seperate=============================================================


==============


