margin: 304000
free_margin: 304000
equity: 304000
ticker_symbol, open_price, close_price, entry_tick, exit_tick, open_time, lots, position_type: , profit_loss, max_loss, max_profit, MA10_min, MA22_min, MA10_day, MA22_day, stoploss: 

============TX00 close order===========
TX00, 9095, 9094, 1, 31, 84500, 1, position_type: 0, -300, -600, 0, exit_reason: 1, 9115.4, 9122.18, 9193.2, 9324.14, 0
TX00, 9094, 9088, 31, 1276, 84501, 1, position_type: 1, 1100, 0, 2600, exit_reason: 0, 9115.1, 9122.05, 9192.9, 9324, 100000
TX00, 9088, 9088, 1276, 1301, 84736, 1, position_type: 0, -100, -100, 200, exit_reason: 1, 9114.7, 9121.86, 9192.5, 9323.82, 0
TX00, 9088, 9088, 1301, 1308, 84741, 1, position_type: 1, -100, -100, 0, exit_reason: 0, 9114.7, 9121.86, 9192.5, 9323.82, 100000
TX00, 9088, 9126, 1308, 32071, 84742, 1, position_type: 0, 7500, 0, 10800, exit_reason: 4, 9114.7, 9121.86, 9192.5, 9323.82, 0
TX00, 9152, 9027, 978, 50010, 84605, 1, position_type: 1, 24900, -800, 31400, exit_reason: 4, 9124.8, 9118.59, 9181.4, 9314.68, 100000
TX00, 8957, 8986, 29, 43153, 84500, 1, position_type: 1, -5900, -13000, 4000, exit_reason: 4, 9015.8, 9054.64, 9139.9, 9289.27, 100000
TX00, 8989, 8981, 47, 38967, 84502, 1, position_type: 1, 1500, -3800, 9200, exit_reason: 4, 8985.9, 8988.23, 9119.5, 9268.27, 100000
TX00, 8961, 8991, 48, 56374, 84503, 1, position_type: 1, -6100, -12000, 18000, exit_reason: 4, 8968.8, 8971.91, 9099.3, 9244.32, 100000
TX00, 8944, 8980, 39, 42243, 84501, 1, position_type: 1, -7300, -14200, 6600, exit_reason: 4, 8973, 8944.41, 9079.5, 9221.73, 100000
TX00, 8919, 8992, 35, 46859, 84500, 1, position_type: 1, -14700, -20200, 2800, exit_reason: 4, 8978.6, 8981.41, 9051, 9195.73, 100000
TX00, 9002, 9035, 53, 9529, 84503, 1, position_type: 1, -6700, -6800, 1600, exit_reason: 0, 8995.5, 8964.73, 9032.2, 9180.55, 100000
TX00, 9035, 9098, 9529, 44216, 91428, 1, position_type: 0, 12500, -6000, 14400, exit_reason: 4, 9002.7, 8967.95, 9035.6, 9182.09, 0
TX00, 9096, 9085, 33, 34305, 84501, 1, position_type: 0, -2300, -8000, 2800, exit_reason: 4, 9090.6, 9068.64, 9037, 9154.05, 0

 symbol seperate=============================================================


==============


