margin: 322500
free_margin: 322500
equity: 322500
ticker_symbol, open_price, close_price, entry_tick, exit_tick, open_time, lots, position_type: 1, profit_loss, max_loss, max_profit, MA10_min, MA22_min, MA10_day, MA22_day

============TX00 close order===========
TX00, 9095, 9094, 1, 31, 84500, 1, position_type: 0, -300, -600, 0, exit_reason: 1, 9115.4, 9122.18, 9193.2, 9324.14
TX00, 9094, 9088, 31, 1276, 84501, 1, position_type: 1, 1100, 0, 2600, exit_reason: 0, 9115.1, 9122.05, 9192.9, 9324
TX00, 9088, 9088, 1276, 1301, 84736, 1, position_type: 0, -100, -100, 200, exit_reason: 1, 9114.7, 9121.86, 9192.5, 9323.82
TX00, 9088, 9088, 1301, 1308, 84741, 1, position_type: 1, -100, -100, 0, exit_reason: 0, 9114.7, 9121.86, 9192.5, 9323.82
TX00, 9088, 9126, 1308, 32071, 84742, 1, position_type: 0, 7500, 0, 10800, exit_reason: 4, 9114.7, 9121.86, 9192.5, 9323.82
TX00, 9152, 9027, 978, 50010, 84605, 1, position_type: 1, 24900, -800, 31400, exit_reason: 4, 9124.8, 9118.59, 9181.4, 9314.68
TX00, 8957, 8986, 29, 43153, 84500, 1, position_type: 1, -5900, -13000, 4000, exit_reason: 4, 9015.8, 9054.64, 9139.9, 9289.27
TX00, 8989, 8981, 47, 38967, 84502, 1, position_type: 1, 1500, -3800, 9200, exit_reason: 4, 8985.9, 8988.23, 9119.5, 9268.27
TX00, 8961, 8991, 48, 56374, 84503, 1, position_type: 1, -6100, -12000, 18000, exit_reason: 4, 8968.8, 8971.91, 9099.3, 9244.32

 symbol seperate=============================================================


==============



