margin: 310400
free_margin: 227400
equity: 318000
ticker_symbol, open_price, close_price, entry_tick, exit_tick, open_time, lots, position_type: , profit_loss, max_loss, max_profit, MA10_min, MA22_min, MA10_day, MA22_day, stoploss: 

============TX00 open order===========
TX00, 9046, 0, 23685, -1, 101701, 1, position_type: 0, 7600, -1600, 12800, 9023.1, 8994.95, 9036.6, 9182.55, 0

============TX00 close order===========
TX00, 9094, 9035, 1, 9529, 84500, 1, position_type: 1, 11700, -14800, 44600, exit_reason: 0, 9115.4, 9122.18, 9193.2, 9324.14, 100000
TX00, 9035, 9036, 9529, 9530, 91428, 1, position_type: 0, 100, 0, 100, exit_reason: 1, 9002.7, 8967.95, 9035.6, 9182.09, 0
TX00, 9036, 9036, 9530, 9531, 91428, 1, position_type: 1, -100, -100, 0, exit_reason: 0, 9002.6, 8967.91, 9035.5, 9182.05, 100000
TX00, 9036, 9036, 9531, 9547, 91428, 1, position_type: 0, -100, -200, 0, exit_reason: 1, 9002.7, 8967.95, 9035.6, 9182.09, 0
TX00, 9036, 9036, 9547, 9548, 91428, 1, position_type: 1, -100, -100, 0, exit_reason: 0, 9002.6, 8967.91, 9035.5, 9182.05, 100000
TX00, 9036, 9035, 9548, 9652, 91428, 1, position_type: 0, -300, -300, 400, exit_reason: 1, 9002.7, 8967.95, 9035.6, 9182.09, 9031
TX00, 9037, 9035, 9654, 10984, 91433, 1, position_type: 0, -500, -500, 1600, exit_reason: 1, 9002.8, 8968, 9035.7, 9182.14, 9032
TX00, 9036, 9035, 10986, 10988, 91707, 1, position_type: 0, -300, -300, 0, exit_reason: 1, 9008.5, 8973.36, 9035.6, 9182.09, 9031

 symbol seperate=============================================================



